
TIME    TEMP   VCCINT   VCCBRAM   VCCAUX   VP     VN    VAUXP[0]   VAUXN[0]   VAUXP[1]   VAUXN[1]   VAUXP[2]   VAUXN[2]   VAUXP[3]   VAUXN[3]   VAUXP[4]   VAUXN[4]   VAUXP[5]   VAUXN[5]   VAUXP[6]   VAUXN[6]   VAUXP[7]   VAUXN[7]   VAUXP[8]   VAUXN[8]   VAUXP[9]   VAUXN[9]   VAUXP[10]   VAUXN[10]   VAUXP[11]   VAUXN[11]   VAUXP[12]   VAUXN[12]   VAUXP[13]   VAUXN[13]   VAUXP[14]   VAUXN[14]   VAUXP[15]   VAUXN[15]
0 63.0  1.02  1.02  1.8  0.50  0.0  0.50  0  0.50  0  0.50  0  0.50  0  0.50  0  0.50  0  0.50  0  0.50  0  0.50  0  0.50  0  0.50  0  0.50  0  0.50  0  0.50  0  0.50  0  0.50  0 //
5200 64.0  1.02  1.02  1.8  0.52  0.0  0.52  0  0.52  0  0.52  0  0.52  0  0.52  0  0.52  0  0.52  0  0.52  0  0.52  0  0.52  0  0.52  0  0.52  0  0.52  0  0.52  0  0.52  0  0.52  0 //
10400 65.0  1.02  1.02  1.8  0.53  0.0  0.53  0  0.53  0  0.53  0  0.53  0  0.53  0  0.53  0  0.53  0  0.53  0  0.53  0  0.53  0  0.53  0  0.53  0  0.53  0  0.53  0  0.53  0  0.53  0 //
15600 66.0  1.02  1.02  1.8  0.55  0.0  0.55  0  0.55  0  0.55  0  0.55  0  0.55  0  0.55  0  0.55  0  0.55  0  0.55  0  0.55  0  0.55  0  0.55  0  0.55  0  0.55  0  0.55  0  0.55  0 //
20800 63.0  1.02  1.02  1.8  0.57  0.0  0.57  0  0.57  0  0.57  0  0.57  0  0.57  0  0.57  0  0.57  0  0.57  0  0.57  0  0.57  0  0.57  0  0.57  0  0.57  0  0.57  0  0.57  0  0.57  0 //
26000 63.0  1.02  1.02  1.8  0.58  0.0  0.58  0  0.58  0  0.58  0  0.58  0  0.58  0  0.58  0  0.58  0  0.58  0  0.58  0  0.58  0  0.58  0  0.58  0  0.58  0  0.58  0  0.58  0  0.58  0 //
31200 63.0  1.02  1.02  1.8  0.60  0.0  0.60  0  0.60  0  0.60  0  0.60  0  0.60  0  0.60  0  0.60  0  0.60  0  0.60  0  0.60  0  0.60  0  0.60  0  0.60  0  0.60  0  0.60  0  0.60  0 //
36400 63.0  1.02  1.02  1.8  0.61  0.0  0.61  0  0.61  0  0.61  0  0.61  0  0.61  0  0.61  0  0.61  0  0.61  0  0.61  0  0.61  0  0.61  0  0.61  0  0.61  0  0.61  0  0.61  0  0.61  0 //
41600 63.0  1.02  1.02  1.8  0.63  0.0  0.63  0  0.63  0  0.63  0  0.63  0  0.63  0  0.63  0  0.63  0  0.63  0  0.63  0  0.63  0  0.63  0  0.63  0  0.63  0  0.63  0  0.63  0  0.63  0 //
46800 63.0  1.02  1.02  1.8  0.64  0.0  0.64  0  0.64  0  0.64  0  0.64  0  0.64  0  0.64  0  0.64  0  0.64  0  0.64  0  0.64  0  0.64  0  0.64  0  0.64  0  0.64  0  0.64  0  0.64  0 //
52000 63.0  1.02  1.02  1.8  0.66  0.0  0.66  0  0.66  0  0.66  0  0.66  0  0.66  0  0.66  0  0.66  0  0.66  0  0.66  0  0.66  0  0.66  0  0.66  0  0.66  0  0.66  0  0.66  0  0.66  0 //
57200 63.0  1.02  1.02  1.8  0.68  0.0  0.68  0  0.68  0  0.68  0  0.68  0  0.68  0  0.68  0  0.68  0  0.68  0  0.68  0  0.68  0  0.68  0  0.68  0  0.68  0  0.68  0  0.68  0  0.68  0 //
62400 63.0  1.02  1.02  1.8  0.69  0.0  0.69  0  0.69  0  0.69  0  0.69  0  0.69  0  0.69  0  0.69  0  0.69  0  0.69  0  0.69  0  0.69  0  0.69  0  0.69  0  0.69  0  0.69  0  0.69  0 //
67600 63.0  1.02  1.02  1.8  0.71  0.0  0.71  0  0.71  0  0.71  0  0.71  0  0.71  0  0.71  0  0.71  0  0.71  0  0.71  0  0.71  0  0.71  0  0.71  0  0.71  0  0.71  0  0.71  0  0.71  0 //
72800 63.0  1.02  1.02  1.8  0.72  0.0  0.72  0  0.72  0  0.72  0  0.72  0  0.72  0  0.72  0  0.72  0  0.72  0  0.72  0  0.72  0  0.72  0  0.72  0  0.72  0  0.72  0  0.72  0  0.72  0 //
78000 63.0  1.02  1.02  1.8  0.74  0.0  0.74  0  0.74  0  0.74  0  0.74  0  0.74  0  0.74  0  0.74  0  0.74  0  0.74  0  0.74  0  0.74  0  0.74  0  0.74  0  0.74  0  0.74  0  0.74  0 //
83200 63.0  1.02  1.02  1.8  0.75  0.0  0.75  0  0.75  0  0.75  0  0.75  0  0.75  0  0.75  0  0.75  0  0.75  0  0.75  0  0.75  0  0.75  0  0.75  0  0.75  0  0.75  0  0.75  0  0.75  0 //
88400 63.0  1.02  1.02  1.8  0.76  0.0  0.76  0  0.76  0  0.76  0  0.76  0  0.76  0  0.76  0  0.76  0  0.76  0  0.76  0  0.76  0  0.76  0  0.76  0  0.76  0  0.76  0  0.76  0  0.76  0 //
93600 63.0  1.02  1.02  1.8  0.78  0.0  0.78  0  0.78  0  0.78  0  0.78  0  0.78  0  0.78  0  0.78  0  0.78  0  0.78  0  0.78  0  0.78  0  0.78  0  0.78  0  0.78  0  0.78  0  0.78  0 //
98800 63.0  1.02  1.02  1.8  0.79  0.0  0.79  0  0.79  0  0.79  0  0.79  0  0.79  0  0.79  0  0.79  0  0.79  0  0.79  0  0.79  0  0.79  0  0.79  0  0.79  0  0.79  0  0.79  0  0.79  0 //
104000 63.0  1.02  1.02  1.8  0.80  0.0  0.80  0  0.80  0  0.80  0  0.80  0  0.80  0  0.80  0  0.80  0  0.80  0  0.80  0  0.80  0  0.80  0  0.80  0  0.80  0  0.80  0  0.80  0  0.80  0 //
109200 63.0  1.02  1.02  1.8  0.82  0.0  0.82  0  0.82  0  0.82  0  0.82  0  0.82  0  0.82  0  0.82  0  0.82  0  0.82  0  0.82  0  0.82  0  0.82  0  0.82  0  0.82  0  0.82  0  0.82  0 //
114400 63.0  1.02  1.02  1.8  0.83  0.0  0.83  0  0.83  0  0.83  0  0.83  0  0.83  0  0.83  0  0.83  0  0.83  0  0.83  0  0.83  0  0.83  0  0.83  0  0.83  0  0.83  0  0.83  0  0.83  0 //
119600 63.0  1.02  1.02  1.8  0.84  0.0  0.84  0  0.84  0  0.84  0  0.84  0  0.84  0  0.84  0  0.84  0  0.84  0  0.84  0  0.84  0  0.84  0  0.84  0  0.84  0  0.84  0  0.84  0  0.84  0 //
124800 63.0  1.02  1.02  1.8  0.85  0.0  0.85  0  0.85  0  0.85  0  0.85  0  0.85  0  0.85  0  0.85  0  0.85  0  0.85  0  0.85  0  0.85  0  0.85  0  0.85  0  0.85  0  0.85  0  0.85  0 //
130000 63.0  1.02  1.02  1.8  0.86  0.0  0.86  0  0.86  0  0.86  0  0.86  0  0.86  0  0.86  0  0.86  0  0.86  0  0.86  0  0.86  0  0.86  0  0.86  0  0.86  0  0.86  0  0.86  0  0.86  0 //
135200 63.0  1.02  1.02  1.8  0.88  0.0  0.88  0  0.88  0  0.88  0  0.88  0  0.88  0  0.88  0  0.88  0  0.88  0  0.88  0  0.88  0  0.88  0  0.88  0  0.88  0  0.88  0  0.88  0  0.88  0 //
140400 63.0  1.02  1.02  1.8  0.89  0.0  0.89  0  0.89  0  0.89  0  0.89  0  0.89  0  0.89  0  0.89  0  0.89  0  0.89  0  0.89  0  0.89  0  0.89  0  0.89  0  0.89  0  0.89  0  0.89  0 //
145600 63.0  1.02  1.02  1.8  0.90  0.0  0.90  0  0.90  0  0.90  0  0.90  0  0.90  0  0.90  0  0.90  0  0.90  0  0.90  0  0.90  0  0.90  0  0.90  0  0.90  0  0.90  0  0.90  0  0.90  0 //
150800 63.0  1.02  1.02  1.8  0.91  0.0  0.91  0  0.91  0  0.91  0  0.91  0  0.91  0  0.91  0  0.91  0  0.91  0  0.91  0  0.91  0  0.91  0  0.91  0  0.91  0  0.91  0  0.91  0  0.91  0 //
156000 63.0  1.02  1.02  1.8  0.92  0.0  0.92  0  0.92  0  0.92  0  0.92  0  0.92  0  0.92  0  0.92  0  0.92  0  0.92  0  0.92  0  0.92  0  0.92  0  0.92  0  0.92  0  0.92  0  0.92  0 //
161200 63.0  1.02  1.02  1.8  0.92  0.0  0.92  0  0.92  0  0.92  0  0.92  0  0.92  0  0.92  0  0.92  0  0.92  0  0.92  0  0.92  0  0.92  0  0.92  0  0.92  0  0.92  0  0.92  0  0.92  0 //
166400 63.0  1.02  1.02  1.8  0.93  0.0  0.93  0  0.93  0  0.93  0  0.93  0  0.93  0  0.93  0  0.93  0  0.93  0  0.93  0  0.93  0  0.93  0  0.93  0  0.93  0  0.93  0  0.93  0  0.93  0 //
171600 63.0  1.02  1.02  1.8  0.94  0.0  0.94  0  0.94  0  0.94  0  0.94  0  0.94  0  0.94  0  0.94  0  0.94  0  0.94  0  0.94  0  0.94  0  0.94  0  0.94  0  0.94  0  0.94  0  0.94  0 //
176800 63.0  1.02  1.02  1.8  0.95  0.0  0.95  0  0.95  0  0.95  0  0.95  0  0.95  0  0.95  0  0.95  0  0.95  0  0.95  0  0.95  0  0.95  0  0.95  0  0.95  0  0.95  0  0.95  0  0.95  0 //
182000 63.0  1.02  1.02  1.8  0.96  0.0  0.96  0  0.96  0  0.96  0  0.96  0  0.96  0  0.96  0  0.96  0  0.96  0  0.96  0  0.96  0  0.96  0  0.96  0  0.96  0  0.96  0  0.96  0  0.96  0 //
187200 63.0  1.02  1.02  1.8  0.96  0.0  0.96  0  0.96  0  0.96  0  0.96  0  0.96  0  0.96  0  0.96  0  0.96  0  0.96  0  0.96  0  0.96  0  0.96  0  0.96  0  0.96  0  0.96  0  0.96  0 //
192400 63.0  1.02  1.02  1.8  0.97  0.0  0.97  0  0.97  0  0.97  0  0.97  0  0.97  0  0.97  0  0.97  0  0.97  0  0.97  0  0.97  0  0.97  0  0.97  0  0.97  0  0.97  0  0.97  0  0.97  0 //
197600 63.0  1.02  1.02  1.8  0.97  0.0  0.97  0  0.97  0  0.97  0  0.97  0  0.97  0  0.97  0  0.97  0  0.97  0  0.97  0  0.97  0  0.97  0  0.97  0  0.97  0  0.97  0  0.97  0  0.97  0 //
202800 63.0  1.02  1.02  1.8  0.98  0.0  0.98  0  0.98  0  0.98  0  0.98  0  0.98  0  0.98  0  0.98  0  0.98  0  0.98  0  0.98  0  0.98  0  0.98  0  0.98  0  0.98  0  0.98  0  0.98  0 //
208000 63.0  1.02  1.02  1.8  0.98  0.0  0.98  0  0.98  0  0.98  0  0.98  0  0.98  0  0.98  0  0.98  0  0.98  0  0.98  0  0.98  0  0.98  0  0.98  0  0.98  0  0.98  0  0.98  0  0.98  0 //
213200 63.0  1.02  1.02  1.8  0.99  0.0  0.99  0  0.99  0  0.99  0  0.99  0  0.99  0  0.99  0  0.99  0  0.99  0  0.99  0  0.99  0  0.99  0  0.99  0  0.99  0  0.99  0  0.99  0  0.99  0 //
218400 63.0  1.02  1.02  1.8  0.99  0.0  0.99  0  0.99  0  0.99  0  0.99  0  0.99  0  0.99  0  0.99  0  0.99  0  0.99  0  0.99  0  0.99  0  0.99  0  0.99  0  0.99  0  0.99  0  0.99  0 //
223600 63.0  1.02  1.02  1.8  0.99  0.0  0.99  0  0.99  0  0.99  0  0.99  0  0.99  0  0.99  0  0.99  0  0.99  0  0.99  0  0.99  0  0.99  0  0.99  0  0.99  0  0.99  0  0.99  0  0.99  0 //
228800 63.0  1.02  1.02  1.8  1.00  0.0  1.00  0  1.00  0  1.00  0  1.00  0  1.00  0  1.00  0  1.00  0  1.00  0  1.00  0  1.00  0  1.00  0  1.00  0  1.00  0  1.00  0  1.00  0  1.00  0 //
234000 63.0  1.02  1.02  1.8  1.00  0.0  1.00  0  1.00  0  1.00  0  1.00  0  1.00  0  1.00  0  1.00  0  1.00  0  1.00  0  1.00  0  1.00  0  1.00  0  1.00  0  1.00  0  1.00  0  1.00  0 //
239200 63.0  1.02  1.02  1.8  1.00  0.0  1.00  0  1.00  0  1.00  0  1.00  0  1.00  0  1.00  0  1.00  0  1.00  0  1.00  0  1.00  0  1.00  0  1.00  0  1.00  0  1.00  0  1.00  0  1.00  0 //
244400 63.0  1.02  1.02  1.8  1.00  0.0  1.00  0  1.00  0  1.00  0  1.00  0  1.00  0  1.00  0  1.00  0  1.00  0  1.00  0  1.00  0  1.00  0  1.00  0  1.00  0  1.00  0  1.00  0  1.00  0 //
249600 63.0  1.02  1.02  1.8  1.00  0.0  1.00  0  1.00  0  1.00  0  1.00  0  1.00  0  1.00  0  1.00  0  1.00  0  1.00  0  1.00  0  1.00  0  1.00  0  1.00  0  1.00  0  1.00  0  1.00  0 //
254800 63.0  1.02  1.02  1.8  1.00  0.0  1.00  0  1.00  0  1.00  0  1.00  0  1.00  0  1.00  0  1.00  0  1.00  0  1.00  0  1.00  0  1.00  0  1.00  0  1.00  0  1.00  0  1.00  0  1.00  0 //
260000 63.0  1.02  1.02  1.8  1.00  0.0  1.00  0  1.00  0  1.00  0  1.00  0  1.00  0  1.00  0  1.00  0  1.00  0  1.00  0  1.00  0  1.00  0  1.00  0  1.00  0  1.00  0  1.00  0  1.00  0 //
265200 63.0  1.02  1.02  1.8  1.00  0.0  1.00  0  1.00  0  1.00  0  1.00  0  1.00  0  1.00  0  1.00  0  1.00  0  1.00  0  1.00  0  1.00  0  1.00  0  1.00  0  1.00  0  1.00  0  1.00  0 //
270400 63.0  1.02  1.02  1.8  1.00  0.0  1.00  0  1.00  0  1.00  0  1.00  0  1.00  0  1.00  0  1.00  0  1.00  0  1.00  0  1.00  0  1.00  0  1.00  0  1.00  0  1.00  0  1.00  0  1.00  0 //
275600 63.0  1.02  1.02  1.8  0.99  0.0  0.99  0  0.99  0  0.99  0  0.99  0  0.99  0  0.99  0  0.99  0  0.99  0  0.99  0  0.99  0  0.99  0  0.99  0  0.99  0  0.99  0  0.99  0  0.99  0 //
280800 63.0  1.02  1.02  1.8  0.99  0.0  0.99  0  0.99  0  0.99  0  0.99  0  0.99  0  0.99  0  0.99  0  0.99  0  0.99  0  0.99  0  0.99  0  0.99  0  0.99  0  0.99  0  0.99  0  0.99  0 //
286000 63.0  1.02  1.02  1.8  0.99  0.0  0.99  0  0.99  0  0.99  0  0.99  0  0.99  0  0.99  0  0.99  0  0.99  0  0.99  0  0.99  0  0.99  0  0.99  0  0.99  0  0.99  0  0.99  0  0.99  0 //
291200 63.0  1.02  1.02  1.8  0.98  0.0  0.98  0  0.98  0  0.98  0  0.98  0  0.98  0  0.98  0  0.98  0  0.98  0  0.98  0  0.98  0  0.98  0  0.98  0  0.98  0  0.98  0  0.98  0  0.98  0 //
296400 63.0  1.02  1.02  1.8  0.98  0.0  0.98  0  0.98  0  0.98  0  0.98  0  0.98  0  0.98  0  0.98  0  0.98  0  0.98  0  0.98  0  0.98  0  0.98  0  0.98  0  0.98  0  0.98  0  0.98  0 //
301600 63.0  1.02  1.02  1.8  0.97  0.0  0.97  0  0.97  0  0.97  0  0.97  0  0.97  0  0.97  0  0.97  0  0.97  0  0.97  0  0.97  0  0.97  0  0.97  0  0.97  0  0.97  0  0.97  0  0.97  0 //
306800 63.0  1.02  1.02  1.8  0.97  0.0  0.97  0  0.97  0  0.97  0  0.97  0  0.97  0  0.97  0  0.97  0  0.97  0  0.97  0  0.97  0  0.97  0  0.97  0  0.97  0  0.97  0  0.97  0  0.97  0 //
312000 63.0  1.02  1.02  1.8  0.96  0.0  0.96  0  0.96  0  0.96  0  0.96  0  0.96  0  0.96  0  0.96  0  0.96  0  0.96  0  0.96  0  0.96  0  0.96  0  0.96  0  0.96  0  0.96  0  0.96  0 //
317200 63.0  1.02  1.02  1.8  0.96  0.0  0.96  0  0.96  0  0.96  0  0.96  0  0.96  0  0.96  0  0.96  0  0.96  0  0.96  0  0.96  0  0.96  0  0.96  0  0.96  0  0.96  0  0.96  0  0.96  0 //
322400 63.0  1.02  1.02  1.8  0.95  0.0  0.95  0  0.95  0  0.95  0  0.95  0  0.95  0  0.95  0  0.95  0  0.95  0  0.95  0  0.95  0  0.95  0  0.95  0  0.95  0  0.95  0  0.95  0  0.95  0 //
327600 63.0  1.02  1.02  1.8  0.94  0.0  0.94  0  0.94  0  0.94  0  0.94  0  0.94  0  0.94  0  0.94  0  0.94  0  0.94  0  0.94  0  0.94  0  0.94  0  0.94  0  0.94  0  0.94  0  0.94  0 //
332800 63.0  1.02  1.02  1.8  0.93  0.0  0.93  0  0.93  0  0.93  0  0.93  0  0.93  0  0.93  0  0.93  0  0.93  0  0.93  0  0.93  0  0.93  0  0.93  0  0.93  0  0.93  0  0.93  0  0.93  0 //
338000 63.0  1.02  1.02  1.8  0.93  0.0  0.93  0  0.93  0  0.93  0  0.93  0  0.93  0  0.93  0  0.93  0  0.93  0  0.93  0  0.93  0  0.93  0  0.93  0  0.93  0  0.93  0  0.93  0  0.93  0 //
343200 63.0  1.02  1.02  1.8  0.92  0.0  0.92  0  0.92  0  0.92  0  0.92  0  0.92  0  0.92  0  0.92  0  0.92  0  0.92  0  0.92  0  0.92  0  0.92  0  0.92  0  0.92  0  0.92  0  0.92  0 //
348400 63.0  1.02  1.02  1.8  0.91  0.0  0.91  0  0.91  0  0.91  0  0.91  0  0.91  0  0.91  0  0.91  0  0.91  0  0.91  0  0.91  0  0.91  0  0.91  0  0.91  0  0.91  0  0.91  0  0.91  0 //
353600 63.0  1.02  1.02  1.8  0.90  0.0  0.90  0  0.90  0  0.90  0  0.90  0  0.90  0  0.90  0  0.90  0  0.90  0  0.90  0  0.90  0  0.90  0  0.90  0  0.90  0  0.90  0  0.90  0  0.90  0 //
358800 63.0  1.02  1.02  1.8  0.89  0.0  0.89  0  0.89  0  0.89  0  0.89  0  0.89  0  0.89  0  0.89  0  0.89  0  0.89  0  0.89  0  0.89  0  0.89  0  0.89  0  0.89  0  0.89  0  0.89  0 //
364000 63.0  1.02  1.02  1.8  0.88  0.0  0.88  0  0.88  0  0.88  0  0.88  0  0.88  0  0.88  0  0.88  0  0.88  0  0.88  0  0.88  0  0.88  0  0.88  0  0.88  0  0.88  0  0.88  0  0.88  0 //
369200 63.0  1.02  1.02  1.8  0.87  0.0  0.87  0  0.87  0  0.87  0  0.87  0  0.87  0  0.87  0  0.87  0  0.87  0  0.87  0  0.87  0  0.87  0  0.87  0  0.87  0  0.87  0  0.87  0  0.87  0 //
374400 63.0  1.02  1.02  1.8  0.85  0.0  0.85  0  0.85  0  0.85  0  0.85  0  0.85  0  0.85  0  0.85  0  0.85  0  0.85  0  0.85  0  0.85  0  0.85  0  0.85  0  0.85  0  0.85  0  0.85  0 //
379600 63.0  1.02  1.02  1.8  0.84  0.0  0.84  0  0.84  0  0.84  0  0.84  0  0.84  0  0.84  0  0.84  0  0.84  0  0.84  0  0.84  0  0.84  0  0.84  0  0.84  0  0.84  0  0.84  0  0.84  0 //
384800 63.0  1.02  1.02  1.8  0.83  0.0  0.83  0  0.83  0  0.83  0  0.83  0  0.83  0  0.83  0  0.83  0  0.83  0  0.83  0  0.83  0  0.83  0  0.83  0  0.83  0  0.83  0  0.83  0  0.83  0 //
390000 63.0  1.02  1.02  1.8  0.82  0.0  0.82  0  0.82  0  0.82  0  0.82  0  0.82  0  0.82  0  0.82  0  0.82  0  0.82  0  0.82  0  0.82  0  0.82  0  0.82  0  0.82  0  0.82  0  0.82  0 //
395200 63.0  1.02  1.02  1.8  0.81  0.0  0.81  0  0.81  0  0.81  0  0.81  0  0.81  0  0.81  0  0.81  0  0.81  0  0.81  0  0.81  0  0.81  0  0.81  0  0.81  0  0.81  0  0.81  0  0.81  0 //
400400 63.0  1.02  1.02  1.8  0.79  0.0  0.79  0  0.79  0  0.79  0  0.79  0  0.79  0  0.79  0  0.79  0  0.79  0  0.79  0  0.79  0  0.79  0  0.79  0  0.79  0  0.79  0  0.79  0  0.79  0 //
405600 63.0  1.02  1.02  1.8  0.78  0.0  0.78  0  0.78  0  0.78  0  0.78  0  0.78  0  0.78  0  0.78  0  0.78  0  0.78  0  0.78  0  0.78  0  0.78  0  0.78  0  0.78  0  0.78  0  0.78  0 //
410800 63.0  1.02  1.02  1.8  0.77  0.0  0.77  0  0.77  0  0.77  0  0.77  0  0.77  0  0.77  0  0.77  0  0.77  0  0.77  0  0.77  0  0.77  0  0.77  0  0.77  0  0.77  0  0.77  0  0.77  0 //
416000 63.0  1.02  1.02  1.8  0.75  0.0  0.75  0  0.75  0  0.75  0  0.75  0  0.75  0  0.75  0  0.75  0  0.75  0  0.75  0  0.75  0  0.75  0  0.75  0  0.75  0  0.75  0  0.75  0  0.75  0 //
421200 63.0  1.02  1.02  1.8  0.74  0.0  0.74  0  0.74  0  0.74  0  0.74  0  0.74  0  0.74  0  0.74  0  0.74  0  0.74  0  0.74  0  0.74  0  0.74  0  0.74  0  0.74  0  0.74  0  0.74  0 //
426400 63.0  1.02  1.02  1.8  0.72  0.0  0.72  0  0.72  0  0.72  0  0.72  0  0.72  0  0.72  0  0.72  0  0.72  0  0.72  0  0.72  0  0.72  0  0.72  0  0.72  0  0.72  0  0.72  0  0.72  0 //
431600 63.0  1.02  1.02  1.8  0.71  0.0  0.71  0  0.71  0  0.71  0  0.71  0  0.71  0  0.71  0  0.71  0  0.71  0  0.71  0  0.71  0  0.71  0  0.71  0  0.71  0  0.71  0  0.71  0  0.71  0 //
436800 63.0  1.02  1.02  1.8  0.69  0.0  0.69  0  0.69  0  0.69  0  0.69  0  0.69  0  0.69  0  0.69  0  0.69  0  0.69  0  0.69  0  0.69  0  0.69  0  0.69  0  0.69  0  0.69  0  0.69  0 //
442000 63.0  1.02  1.02  1.8  0.68  0.0  0.68  0  0.68  0  0.68  0  0.68  0  0.68  0  0.68  0  0.68  0  0.68  0  0.68  0  0.68  0  0.68  0  0.68  0  0.68  0  0.68  0  0.68  0  0.68  0 //
447200 63.0  1.02  1.02  1.8  0.66  0.0  0.66  0  0.66  0  0.66  0  0.66  0  0.66  0  0.66  0  0.66  0  0.66  0  0.66  0  0.66  0  0.66  0  0.66  0  0.66  0  0.66  0  0.66  0  0.66  0 //
452400 63.0  1.02  1.02  1.8  0.65  0.0  0.65  0  0.65  0  0.65  0  0.65  0  0.65  0  0.65  0  0.65  0  0.65  0  0.65  0  0.65  0  0.65  0  0.65  0  0.65  0  0.65  0  0.65  0  0.65  0 //
457600 63.0  1.02  1.02  1.8  0.63  0.0  0.63  0  0.63  0  0.63  0  0.63  0  0.63  0  0.63  0  0.63  0  0.63  0  0.63  0  0.63  0  0.63  0  0.63  0  0.63  0  0.63  0  0.63  0  0.63  0 //
462800 63.0  1.02  1.02  1.8  0.62  0.0  0.62  0  0.62  0  0.62  0  0.62  0  0.62  0  0.62  0  0.62  0  0.62  0  0.62  0  0.62  0  0.62  0  0.62  0  0.62  0  0.62  0  0.62  0  0.62  0 //
468000 63.0  1.02  1.02  1.8  0.60  0.0  0.60  0  0.60  0  0.60  0  0.60  0  0.60  0  0.60  0  0.60  0  0.60  0  0.60  0  0.60  0  0.60  0  0.60  0  0.60  0  0.60  0  0.60  0  0.60  0 //
473200 63.0  1.02  1.02  1.8  0.58  0.0  0.58  0  0.58  0  0.58  0  0.58  0  0.58  0  0.58  0  0.58  0  0.58  0  0.58  0  0.58  0  0.58  0  0.58  0  0.58  0  0.58  0  0.58  0  0.58  0 //
478400 63.0  1.02  1.02  1.8  0.57  0.0  0.57  0  0.57  0  0.57  0  0.57  0  0.57  0  0.57  0  0.57  0  0.57  0  0.57  0  0.57  0  0.57  0  0.57  0  0.57  0  0.57  0  0.57  0  0.57  0 //
483600 63.0  1.02  1.02  1.8  0.55  0.0  0.55  0  0.55  0  0.55  0  0.55  0  0.55  0  0.55  0  0.55  0  0.55  0  0.55  0  0.55  0  0.55  0  0.55  0  0.55  0  0.55  0  0.55  0  0.55  0 //
488800 63.0  1.02  1.02  1.8  0.54  0.0  0.54  0  0.54  0  0.54  0  0.54  0  0.54  0  0.54  0  0.54  0  0.54  0  0.54  0  0.54  0  0.54  0  0.54  0  0.54  0  0.54  0  0.54  0  0.54  0 //
494000 63.0  1.02  1.02  1.8  0.52  0.0  0.52  0  0.52  0  0.52  0  0.52  0  0.52  0  0.52  0  0.52  0  0.52  0  0.52  0  0.52  0  0.52  0  0.52  0  0.52  0  0.52  0  0.52  0  0.52  0 //
499200 63.0  1.02  1.02  1.8  0.50  0.0  0.50  0  0.50  0  0.50  0  0.50  0  0.50  0  0.50  0  0.50  0  0.50  0  0.50  0  0.50  0  0.50  0  0.50  0  0.50  0  0.50  0  0.50  0  0.50  0 //
504400 63.0  1.02  1.02  1.8  0.49  0.0  0.49  0  0.49  0  0.49  0  0.49  0  0.49  0  0.49  0  0.49  0  0.49  0  0.49  0  0.49  0  0.49  0  0.49  0  0.49  0  0.49  0  0.49  0  0.49  0 //
509600 63.0  1.02  1.02  1.8  0.47  0.0  0.47  0  0.47  0  0.47  0  0.47  0  0.47  0  0.47  0  0.47  0  0.47  0  0.47  0  0.47  0  0.47  0  0.47  0  0.47  0  0.47  0  0.47  0  0.47  0 //
514800 63.0  1.02  1.02  1.8  0.45  0.0  0.45  0  0.45  0  0.45  0  0.45  0  0.45  0  0.45  0  0.45  0  0.45  0  0.45  0  0.45  0  0.45  0  0.45  0  0.45  0  0.45  0  0.45  0  0.45  0 //
520000 63.0  1.02  1.02  1.8  0.44  0.0  0.44  0  0.44  0  0.44  0  0.44  0  0.44  0  0.44  0  0.44  0  0.44  0  0.44  0  0.44  0  0.44  0  0.44  0  0.44  0  0.44  0  0.44  0  0.44  0 //
525200 63.0  1.02  1.02  1.8  0.42  0.0  0.42  0  0.42  0  0.42  0  0.42  0  0.42  0  0.42  0  0.42  0  0.42  0  0.42  0  0.42  0  0.42  0  0.42  0  0.42  0  0.42  0  0.42  0  0.42  0 //
530400 63.0  1.02  1.02  1.8  0.41  0.0  0.41  0  0.41  0  0.41  0  0.41  0  0.41  0  0.41  0  0.41  0  0.41  0  0.41  0  0.41  0  0.41  0  0.41  0  0.41  0  0.41  0  0.41  0  0.41  0 //
535600 63.0  1.02  1.02  1.8  0.39  0.0  0.39  0  0.39  0  0.39  0  0.39  0  0.39  0  0.39  0  0.39  0  0.39  0  0.39  0  0.39  0  0.39  0  0.39  0  0.39  0  0.39  0  0.39  0  0.39  0 //
540800 63.0  1.02  1.02  1.8  0.37  0.0  0.37  0  0.37  0  0.37  0  0.37  0  0.37  0  0.37  0  0.37  0  0.37  0  0.37  0  0.37  0  0.37  0  0.37  0  0.37  0  0.37  0  0.37  0  0.37  0 //
546000 63.0  1.02  1.02  1.8  0.36  0.0  0.36  0  0.36  0  0.36  0  0.36  0  0.36  0  0.36  0  0.36  0  0.36  0  0.36  0  0.36  0  0.36  0  0.36  0  0.36  0  0.36  0  0.36  0  0.36  0 //
551200 63.0  1.02  1.02  1.8  0.34  0.0  0.34  0  0.34  0  0.34  0  0.34  0  0.34  0  0.34  0  0.34  0  0.34  0  0.34  0  0.34  0  0.34  0  0.34  0  0.34  0  0.34  0  0.34  0  0.34  0 //
556400 63.0  1.02  1.02  1.8  0.33  0.0  0.33  0  0.33  0  0.33  0  0.33  0  0.33  0  0.33  0  0.33  0  0.33  0  0.33  0  0.33  0  0.33  0  0.33  0  0.33  0  0.33  0  0.33  0  0.33  0 //
561600 63.0  1.02  1.02  1.8  0.31  0.0  0.31  0  0.31  0  0.31  0  0.31  0  0.31  0  0.31  0  0.31  0  0.31  0  0.31  0  0.31  0  0.31  0  0.31  0  0.31  0  0.31  0  0.31  0  0.31  0 //
566800 63.0  1.02  1.02  1.8  0.30  0.0  0.30  0  0.30  0  0.30  0  0.30  0  0.30  0  0.30  0  0.30  0  0.30  0  0.30  0  0.30  0  0.30  0  0.30  0  0.30  0  0.30  0  0.30  0  0.30  0 //
572000 63.0  1.02  1.02  1.8  0.28  0.0  0.28  0  0.28  0  0.28  0  0.28  0  0.28  0  0.28  0  0.28  0  0.28  0  0.28  0  0.28  0  0.28  0  0.28  0  0.28  0  0.28  0  0.28  0  0.28  0 //
577200 63.0  1.02  1.02  1.8  0.27  0.0  0.27  0  0.27  0  0.27  0  0.27  0  0.27  0  0.27  0  0.27  0  0.27  0  0.27  0  0.27  0  0.27  0  0.27  0  0.27  0  0.27  0  0.27  0  0.27  0 //
582400 63.0  1.02  1.02  1.8  0.25  0.0  0.25  0  0.25  0  0.25  0  0.25  0  0.25  0  0.25  0  0.25  0  0.25  0  0.25  0  0.25  0  0.25  0  0.25  0  0.25  0  0.25  0  0.25  0  0.25  0 //
587600 63.0  1.02  1.02  1.8  0.24  0.0  0.24  0  0.24  0  0.24  0  0.24  0  0.24  0  0.24  0  0.24  0  0.24  0  0.24  0  0.24  0  0.24  0  0.24  0  0.24  0  0.24  0  0.24  0  0.24  0 //
592800 63.0  1.02  1.02  1.8  0.22  0.0  0.22  0  0.22  0  0.22  0  0.22  0  0.22  0  0.22  0  0.22  0  0.22  0  0.22  0  0.22  0  0.22  0  0.22  0  0.22  0  0.22  0  0.22  0  0.22  0 //
598000 63.0  1.02  1.02  1.8  0.21  0.0  0.21  0  0.21  0  0.21  0  0.21  0  0.21  0  0.21  0  0.21  0  0.21  0  0.21  0  0.21  0  0.21  0  0.21  0  0.21  0  0.21  0  0.21  0  0.21  0 //
603200 63.0  1.02  1.02  1.8  0.20  0.0  0.20  0  0.20  0  0.20  0  0.20  0  0.20  0  0.20  0  0.20  0  0.20  0  0.20  0  0.20  0  0.20  0  0.20  0  0.20  0  0.20  0  0.20  0  0.20  0 //
608400 63.0  1.02  1.02  1.8  0.19  0.0  0.19  0  0.19  0  0.19  0  0.19  0  0.19  0  0.19  0  0.19  0  0.19  0  0.19  0  0.19  0  0.19  0  0.19  0  0.19  0  0.19  0  0.19  0  0.19  0 //
613600 63.0  1.02  1.02  1.8  0.17  0.0  0.17  0  0.17  0  0.17  0  0.17  0  0.17  0  0.17  0  0.17  0  0.17  0  0.17  0  0.17  0  0.17  0  0.17  0  0.17  0  0.17  0  0.17  0  0.17  0 //
618800 63.0  1.02  1.02  1.8  0.16  0.0  0.16  0  0.16  0  0.16  0  0.16  0  0.16  0  0.16  0  0.16  0  0.16  0  0.16  0  0.16  0  0.16  0  0.16  0  0.16  0  0.16  0  0.16  0  0.16  0 //
624000 63.0  1.02  1.02  1.8  0.15  0.0  0.15  0  0.15  0  0.15  0  0.15  0  0.15  0  0.15  0  0.15  0  0.15  0  0.15  0  0.15  0  0.15  0  0.15  0  0.15  0  0.15  0  0.15  0  0.15  0 //
629200 63.0  1.02  1.02  1.8  0.14  0.0  0.14  0  0.14  0  0.14  0  0.14  0  0.14  0  0.14  0  0.14  0  0.14  0  0.14  0  0.14  0  0.14  0  0.14  0  0.14  0  0.14  0  0.14  0  0.14  0 //
634400 63.0  1.02  1.02  1.8  0.13  0.0  0.13  0  0.13  0  0.13  0  0.13  0  0.13  0  0.13  0  0.13  0  0.13  0  0.13  0  0.13  0  0.13  0  0.13  0  0.13  0  0.13  0  0.13  0  0.13  0 //
639600 63.0  1.02  1.02  1.8  0.12  0.0  0.12  0  0.12  0  0.12  0  0.12  0  0.12  0  0.12  0  0.12  0  0.12  0  0.12  0  0.12  0  0.12  0  0.12  0  0.12  0  0.12  0  0.12  0  0.12  0 //
644800 63.0  1.02  1.02  1.8  0.11  0.0  0.11  0  0.11  0  0.11  0  0.11  0  0.11  0  0.11  0  0.11  0  0.11  0  0.11  0  0.11  0  0.11  0  0.11  0  0.11  0  0.11  0  0.11  0  0.11  0 //
650000 63.0  1.02  1.02  1.8  0.10  0.0  0.10  0  0.10  0  0.10  0  0.10  0  0.10  0  0.10  0  0.10  0  0.10  0  0.10  0  0.10  0  0.10  0  0.10  0  0.10  0  0.10  0  0.10  0  0.10  0 //
655200 63.0  1.02  1.02  1.8  0.09  0.0  0.09  0  0.09  0  0.09  0  0.09  0  0.09  0  0.09  0  0.09  0  0.09  0  0.09  0  0.09  0  0.09  0  0.09  0  0.09  0  0.09  0  0.09  0  0.09  0 //
660400 63.0  1.02  1.02  1.8  0.08  0.0  0.08  0  0.08  0  0.08  0  0.08  0  0.08  0  0.08  0  0.08  0  0.08  0  0.08  0  0.08  0  0.08  0  0.08  0  0.08  0  0.08  0  0.08  0  0.08  0 //
665600 63.0  1.02  1.02  1.8  0.07  0.0  0.07  0  0.07  0  0.07  0  0.07  0  0.07  0  0.07  0  0.07  0  0.07  0  0.07  0  0.07  0  0.07  0  0.07  0  0.07  0  0.07  0  0.07  0  0.07  0 //
670800 63.0  1.02  1.02  1.8  0.06  0.0  0.06  0  0.06  0  0.06  0  0.06  0  0.06  0  0.06  0  0.06  0  0.06  0  0.06  0  0.06  0  0.06  0  0.06  0  0.06  0  0.06  0  0.06  0  0.06  0 //
676000 63.0  1.02  1.02  1.8  0.05  0.0  0.05  0  0.05  0  0.05  0  0.05  0  0.05  0  0.05  0  0.05  0  0.05  0  0.05  0  0.05  0  0.05  0  0.05  0  0.05  0  0.05  0  0.05  0  0.05  0 //
681200 63.0  1.02  1.02  1.8  0.05  0.0  0.05  0  0.05  0  0.05  0  0.05  0  0.05  0  0.05  0  0.05  0  0.05  0  0.05  0  0.05  0  0.05  0  0.05  0  0.05  0  0.05  0  0.05  0  0.05  0 //
686400 63.0  1.02  1.02  1.8  0.04  0.0  0.04  0  0.04  0  0.04  0  0.04  0  0.04  0  0.04  0  0.04  0  0.04  0  0.04  0  0.04  0  0.04  0  0.04  0  0.04  0  0.04  0  0.04  0  0.04  0 //
691600 63.0  1.02  1.02  1.8  0.03  0.0  0.03  0  0.03  0  0.03  0  0.03  0  0.03  0  0.03  0  0.03  0  0.03  0  0.03  0  0.03  0  0.03  0  0.03  0  0.03  0  0.03  0  0.03  0  0.03  0 //
696800 63.0  1.02  1.02  1.8  0.03  0.0  0.03  0  0.03  0  0.03  0  0.03  0  0.03  0  0.03  0  0.03  0  0.03  0  0.03  0  0.03  0  0.03  0  0.03  0  0.03  0  0.03  0  0.03  0  0.03  0 //
702000 63.0  1.02  1.02  1.8  0.02  0.0  0.02  0  0.02  0  0.02  0  0.02  0  0.02  0  0.02  0  0.02  0  0.02  0  0.02  0  0.02  0  0.02  0  0.02  0  0.02  0  0.02  0  0.02  0  0.02  0 //
707200 63.0  1.02  1.02  1.8  0.02  0.0  0.02  0  0.02  0  0.02  0  0.02  0  0.02  0  0.02  0  0.02  0  0.02  0  0.02  0  0.02  0  0.02  0  0.02  0  0.02  0  0.02  0  0.02  0  0.02  0 //
712400 63.0  1.02  1.02  1.8  0.01  0.0  0.01  0  0.01  0  0.01  0  0.01  0  0.01  0  0.01  0  0.01  0  0.01  0  0.01  0  0.01  0  0.01  0  0.01  0  0.01  0  0.01  0  0.01  0  0.01  0 //
717600 63.0  1.02  1.02  1.8  0.01  0.0  0.01  0  0.01  0  0.01  0  0.01  0  0.01  0  0.01  0  0.01  0  0.01  0  0.01  0  0.01  0  0.01  0  0.01  0  0.01  0  0.01  0  0.01  0  0.01  0 //
722800 63.0  1.02  1.02  1.8  0.01  0.0  0.01  0  0.01  0  0.01  0  0.01  0  0.01  0  0.01  0  0.01  0  0.01  0  0.01  0  0.01  0  0.01  0  0.01  0  0.01  0  0.01  0  0.01  0  0.01  0 //
728000 63.0  1.02  1.02  1.8  0.00  0.0  0.00  0  0.00  0  0.00  0  0.00  0  0.00  0  0.00  0  0.00  0  0.00  0  0.00  0  0.00  0  0.00  0  0.00  0  0.00  0  0.00  0  0.00  0  0.00  0 //
733200 63.0  1.02  1.02  1.8  0.00  0.0  0.00  0  0.00  0  0.00  0  0.00  0  0.00  0  0.00  0  0.00  0  0.00  0  0.00  0  0.00  0  0.00  0  0.00  0  0.00  0  0.00  0  0.00  0  0.00  0 //
738400 63.0  1.02  1.02  1.8  0.00  0.0  0.00  0  0.00  0  0.00  0  0.00  0  0.00  0  0.00  0  0.00  0  0.00  0  0.00  0  0.00  0  0.00  0  0.00  0  0.00  0  0.00  0  0.00  0  0.00  0 //
743600 63.0  1.02  1.02  1.8  0.00  0.0  0.00  0  0.00  0  0.00  0  0.00  0  0.00  0  0.00  0  0.00  0  0.00  0  0.00  0  0.00  0  0.00  0  0.00  0  0.00  0  0.00  0  0.00  0  0.00  0 //
748800 63.0  1.02  1.02  1.8  0.00  0.0  0.00  0  0.00  0  0.00  0  0.00  0  0.00  0  0.00  0  0.00  0  0.00  0  0.00  0  0.00  0  0.00  0  0.00  0  0.00  0  0.00  0  0.00  0  0.00  0 //
754000 63.0  1.02  1.02  1.8  0.00  0.0  0.00  0  0.00  0  0.00  0  0.00  0  0.00  0  0.00  0  0.00  0  0.00  0  0.00  0  0.00  0  0.00  0  0.00  0  0.00  0  0.00  0  0.00  0  0.00  0 //
759200 63.0  1.02  1.02  1.8  0.00  0.0  0.00  0  0.00  0  0.00  0  0.00  0  0.00  0  0.00  0  0.00  0  0.00  0  0.00  0  0.00  0  0.00  0  0.00  0  0.00  0  0.00  0  0.00  0  0.00  0 //
764400 63.0  1.02  1.02  1.8  0.00  0.0  0.00  0  0.00  0  0.00  0  0.00  0  0.00  0  0.00  0  0.00  0  0.00  0  0.00  0  0.00  0  0.00  0  0.00  0  0.00  0  0.00  0  0.00  0  0.00  0 //
769600 63.0  1.02  1.02  1.8  0.00  0.0  0.00  0  0.00  0  0.00  0  0.00  0  0.00  0  0.00  0  0.00  0  0.00  0  0.00  0  0.00  0  0.00  0  0.00  0  0.00  0  0.00  0  0.00  0  0.00  0 //
774800 63.0  1.02  1.02  1.8  0.01  0.0  0.01  0  0.01  0  0.01  0  0.01  0  0.01  0  0.01  0  0.01  0  0.01  0  0.01  0  0.01  0  0.01  0  0.01  0  0.01  0  0.01  0  0.01  0  0.01  0 //
780000 63.0  1.02  1.02  1.8  0.01  0.0  0.01  0  0.01  0  0.01  0  0.01  0  0.01  0  0.01  0  0.01  0  0.01  0  0.01  0  0.01  0  0.01  0  0.01  0  0.01  0  0.01  0  0.01  0  0.01  0 //
785200 63.0  1.02  1.02  1.8  0.01  0.0  0.01  0  0.01  0  0.01  0  0.01  0  0.01  0  0.01  0  0.01  0  0.01  0  0.01  0  0.01  0  0.01  0  0.01  0  0.01  0  0.01  0  0.01  0  0.01  0 //
790400 63.0  1.02  1.02  1.8  0.02  0.0  0.02  0  0.02  0  0.02  0  0.02  0  0.02  0  0.02  0  0.02  0  0.02  0  0.02  0  0.02  0  0.02  0  0.02  0  0.02  0  0.02  0  0.02  0  0.02  0 //
795600 63.0  1.02  1.02  1.8  0.02  0.0  0.02  0  0.02  0  0.02  0  0.02  0  0.02  0  0.02  0  0.02  0  0.02  0  0.02  0  0.02  0  0.02  0  0.02  0  0.02  0  0.02  0  0.02  0  0.02  0 //
800800 63.0  1.02  1.02  1.8  0.03  0.0  0.03  0  0.03  0  0.03  0  0.03  0  0.03  0  0.03  0  0.03  0  0.03  0  0.03  0  0.03  0  0.03  0  0.03  0  0.03  0  0.03  0  0.03  0  0.03  0 //
806000 63.0  1.02  1.02  1.8  0.03  0.0  0.03  0  0.03  0  0.03  0  0.03  0  0.03  0  0.03  0  0.03  0  0.03  0  0.03  0  0.03  0  0.03  0  0.03  0  0.03  0  0.03  0  0.03  0  0.03  0 //
811200 63.0  1.02  1.02  1.8  0.04  0.0  0.04  0  0.04  0  0.04  0  0.04  0  0.04  0  0.04  0  0.04  0  0.04  0  0.04  0  0.04  0  0.04  0  0.04  0  0.04  0  0.04  0  0.04  0  0.04  0 //
816400 63.0  1.02  1.02  1.8  0.04  0.0  0.04  0  0.04  0  0.04  0  0.04  0  0.04  0  0.04  0  0.04  0  0.04  0  0.04  0  0.04  0  0.04  0  0.04  0  0.04  0  0.04  0  0.04  0  0.04  0 //
821600 63.0  1.02  1.02  1.8  0.05  0.0  0.05  0  0.05  0  0.05  0  0.05  0  0.05  0  0.05  0  0.05  0  0.05  0  0.05  0  0.05  0  0.05  0  0.05  0  0.05  0  0.05  0  0.05  0  0.05  0 //
826800 63.0  1.02  1.02  1.8  0.06  0.0  0.06  0  0.06  0  0.06  0  0.06  0  0.06  0  0.06  0  0.06  0  0.06  0  0.06  0  0.06  0  0.06  0  0.06  0  0.06  0  0.06  0  0.06  0  0.06  0 //
832000 63.0  1.02  1.02  1.8  0.06  0.0  0.06  0  0.06  0  0.06  0  0.06  0  0.06  0  0.06  0  0.06  0  0.06  0  0.06  0  0.06  0  0.06  0  0.06  0  0.06  0  0.06  0  0.06  0  0.06  0 //
837200 63.0  1.02  1.02  1.8  0.07  0.0  0.07  0  0.07  0  0.07  0  0.07  0  0.07  0  0.07  0  0.07  0  0.07  0  0.07  0  0.07  0  0.07  0  0.07  0  0.07  0  0.07  0  0.07  0  0.07  0 //
842400 63.0  1.02  1.02  1.8  0.08  0.0  0.08  0  0.08  0  0.08  0  0.08  0  0.08  0  0.08  0  0.08  0  0.08  0  0.08  0  0.08  0  0.08  0  0.08  0  0.08  0  0.08  0  0.08  0  0.08  0 //
847600 63.0  1.02  1.02  1.8  0.09  0.0  0.09  0  0.09  0  0.09  0  0.09  0  0.09  0  0.09  0  0.09  0  0.09  0  0.09  0  0.09  0  0.09  0  0.09  0  0.09  0  0.09  0  0.09  0  0.09  0 //
852800 63.0  1.02  1.02  1.8  0.10  0.0  0.10  0  0.10  0  0.10  0  0.10  0  0.10  0  0.10  0  0.10  0  0.10  0  0.10  0  0.10  0  0.10  0  0.10  0  0.10  0  0.10  0  0.10  0  0.10  0 //
858000 63.0  1.02  1.02  1.8  0.11  0.0  0.11  0  0.11  0  0.11  0  0.11  0  0.11  0  0.11  0  0.11  0  0.11  0  0.11  0  0.11  0  0.11  0  0.11  0  0.11  0  0.11  0  0.11  0  0.11  0 //
863200 63.0  1.02  1.02  1.8  0.12  0.0  0.12  0  0.12  0  0.12  0  0.12  0  0.12  0  0.12  0  0.12  0  0.12  0  0.12  0  0.12  0  0.12  0  0.12  0  0.12  0  0.12  0  0.12  0  0.12  0 //
868400 63.0  1.02  1.02  1.8  0.13  0.0  0.13  0  0.13  0  0.13  0  0.13  0  0.13  0  0.13  0  0.13  0  0.13  0  0.13  0  0.13  0  0.13  0  0.13  0  0.13  0  0.13  0  0.13  0  0.13  0 //
873600 63.0  1.02  1.02  1.8  0.14  0.0  0.14  0  0.14  0  0.14  0  0.14  0  0.14  0  0.14  0  0.14  0  0.14  0  0.14  0  0.14  0  0.14  0  0.14  0  0.14  0  0.14  0  0.14  0  0.14  0 //
878800 63.0  1.02  1.02  1.8  0.15  0.0  0.15  0  0.15  0  0.15  0  0.15  0  0.15  0  0.15  0  0.15  0  0.15  0  0.15  0  0.15  0  0.15  0  0.15  0  0.15  0  0.15  0  0.15  0  0.15  0 //
884000 63.0  1.02  1.02  1.8  0.17  0.0  0.17  0  0.17  0  0.17  0  0.17  0  0.17  0  0.17  0  0.17  0  0.17  0  0.17  0  0.17  0  0.17  0  0.17  0  0.17  0  0.17  0  0.17  0  0.17  0 //
889200 63.0  1.02  1.02  1.8  0.18  0.0  0.18  0  0.18  0  0.18  0  0.18  0  0.18  0  0.18  0  0.18  0  0.18  0  0.18  0  0.18  0  0.18  0  0.18  0  0.18  0  0.18  0  0.18  0  0.18  0 //
894400 63.0  1.02  1.02  1.8  0.19  0.0  0.19  0  0.19  0  0.19  0  0.19  0  0.19  0  0.19  0  0.19  0  0.19  0  0.19  0  0.19  0  0.19  0  0.19  0  0.19  0  0.19  0  0.19  0  0.19  0 //
899600 63.0  1.02  1.02  1.8  0.21  0.0  0.21  0  0.21  0  0.21  0  0.21  0  0.21  0  0.21  0  0.21  0  0.21  0  0.21  0  0.21  0  0.21  0  0.21  0  0.21  0  0.21  0  0.21  0  0.21  0 //
904800 63.0  1.02  1.02  1.8  0.22  0.0  0.22  0  0.22  0  0.22  0  0.22  0  0.22  0  0.22  0  0.22  0  0.22  0  0.22  0  0.22  0  0.22  0  0.22  0  0.22  0  0.22  0  0.22  0  0.22  0 //
910000 63.0  1.02  1.02  1.8  0.23  0.0  0.23  0  0.23  0  0.23  0  0.23  0  0.23  0  0.23  0  0.23  0  0.23  0  0.23  0  0.23  0  0.23  0  0.23  0  0.23  0  0.23  0  0.23  0  0.23  0 //
915200 63.0  1.02  1.02  1.8  0.25  0.0  0.25  0  0.25  0  0.25  0  0.25  0  0.25  0  0.25  0  0.25  0  0.25  0  0.25  0  0.25  0  0.25  0  0.25  0  0.25  0  0.25  0  0.25  0  0.25  0 //
920400 63.0  1.02  1.02  1.8  0.26  0.0  0.26  0  0.26  0  0.26  0  0.26  0  0.26  0  0.26  0  0.26  0  0.26  0  0.26  0  0.26  0  0.26  0  0.26  0  0.26  0  0.26  0  0.26  0  0.26  0 //
925600 63.0  1.02  1.02  1.8  0.27  0.0  0.27  0  0.27  0  0.27  0  0.27  0  0.27  0  0.27  0  0.27  0  0.27  0  0.27  0  0.27  0  0.27  0  0.27  0  0.27  0  0.27  0  0.27  0  0.27  0 //
930800 63.0  1.02  1.02  1.8  0.29  0.0  0.29  0  0.29  0  0.29  0  0.29  0  0.29  0  0.29  0  0.29  0  0.29  0  0.29  0  0.29  0  0.29  0  0.29  0  0.29  0  0.29  0  0.29  0  0.29  0 //
936000 63.0  1.02  1.02  1.8  0.30  0.0  0.30  0  0.30  0  0.30  0  0.30  0  0.30  0  0.30  0  0.30  0  0.30  0  0.30  0  0.30  0  0.30  0  0.30  0  0.30  0  0.30  0  0.30  0  0.30  0 //
941200 63.0  1.02  1.02  1.8  0.32  0.0  0.32  0  0.32  0  0.32  0  0.32  0  0.32  0  0.32  0  0.32  0  0.32  0  0.32  0  0.32  0  0.32  0  0.32  0  0.32  0  0.32  0  0.32  0  0.32  0 //
946400 63.0  1.02  1.02  1.8  0.33  0.0  0.33  0  0.33  0  0.33  0  0.33  0  0.33  0  0.33  0  0.33  0  0.33  0  0.33  0  0.33  0  0.33  0  0.33  0  0.33  0  0.33  0  0.33  0  0.33  0 //
951600 63.0  1.02  1.02  1.8  0.35  0.0  0.35  0  0.35  0  0.35  0  0.35  0  0.35  0  0.35  0  0.35  0  0.35  0  0.35  0  0.35  0  0.35  0  0.35  0  0.35  0  0.35  0  0.35  0  0.35  0 //
956800 63.0  1.02  1.02  1.8  0.37  0.0  0.37  0  0.37  0  0.37  0  0.37  0  0.37  0  0.37  0  0.37  0  0.37  0  0.37  0  0.37  0  0.37  0  0.37  0  0.37  0  0.37  0  0.37  0  0.37  0 //
962000 63.0  1.02  1.02  1.8  0.38  0.0  0.38  0  0.38  0  0.38  0  0.38  0  0.38  0  0.38  0  0.38  0  0.38  0  0.38  0  0.38  0  0.38  0  0.38  0  0.38  0  0.38  0  0.38  0  0.38  0 //
967200 63.0  1.02  1.02  1.8  0.40  0.0  0.40  0  0.40  0  0.40  0  0.40  0  0.40  0  0.40  0  0.40  0  0.40  0  0.40  0  0.40  0  0.40  0  0.40  0  0.40  0  0.40  0  0.40  0  0.40  0 //
972400 63.0  1.02  1.02  1.8  0.41  0.0  0.41  0  0.41  0  0.41  0  0.41  0  0.41  0  0.41  0  0.41  0  0.41  0  0.41  0  0.41  0  0.41  0  0.41  0  0.41  0  0.41  0  0.41  0  0.41  0 //
977600 63.0  1.02  1.02  1.8  0.43  0.0  0.43  0  0.43  0  0.43  0  0.43  0  0.43  0  0.43  0  0.43  0  0.43  0  0.43  0  0.43  0  0.43  0  0.43  0  0.43  0  0.43  0  0.43  0  0.43  0 //
982800 63.0  1.02  1.02  1.8  0.45  0.0  0.45  0  0.45  0  0.45  0  0.45  0  0.45  0  0.45  0  0.45  0  0.45  0  0.45  0  0.45  0  0.45  0  0.45  0  0.45  0  0.45  0  0.45  0  0.45  0 //
988000 63.0  1.02  1.02  1.8  0.46  0.0  0.46  0  0.46  0  0.46  0  0.46  0  0.46  0  0.46  0  0.46  0  0.46  0  0.46  0  0.46  0  0.46  0  0.46  0  0.46  0  0.46  0  0.46  0  0.46  0 //
993200 63.0  1.02  1.02  1.8  0.48  0.0  0.48  0  0.48  0  0.48  0  0.48  0  0.48  0  0.48  0  0.48  0  0.48  0  0.48  0  0.48  0  0.48  0  0.48  0  0.48  0  0.48  0  0.48  0  0.48  0 //
